pathway	bonobo	chimpanzee	gorilla	olive_baboon	orangutan	pigtailed_macaque	rhesus_macaque	squirrel_monkey	human_related_bonobo 	human_related_chimpanzee 	human_related_gorilla 	human_related_olive_baboon 	human_related_orangutan 	human_related_pigtailed_macaque 	human_related_rhesus_macaque 	human_related_squirrel_monkey 	sum
hsa04630 Jak-STAT signaling pathway	0.0233127755977689	0.000597419397889768	0.0080292943886088	0.0279468650505971	0.000952845116977321	0.0231577183673516	0.152995309078543	0.00493143269007043	0.00367086281545547	0.00264009236582633	0.00115387533738422	0.00368449483409107	0.00318812615466986	0.0024085010422663	0.00362390492477174	0.00506518600451623	0.267358703166788
hsa04514 Cell adhesion molecules (CAMs)	0.000485237229921477	0.00106598670922028	0.00437331485802419	0.0187990894211011	0.00386891402435202	0.0853763091922952	0.152995309078543	0.00826218321667583	0.00306806177088656	0.00148313268880525	0.00359874341895968	0.00368449483409107	0.00318812615466986	0.00613550084556741	0.00739006590191412	0.010198876824677	0.313973346169704
hsa04640 Hematopoietic cell lineage	0.00447489307352394	0.000957432015904303	0.00454927174310447	0.0279468650505971	4.59447612929439e-05	0.0608175579188836	0.207418853739244	0.00302489218775725	0.00367086281545547	0.00332148087527067	0.00115387533738422	0.00368449483409107	0.00318812615466986	0.0024085010422663	0.00489185512652304	0.00506518600451623	0.336620092680485
hsa04620 Toll-like receptor signaling pathway	0.0114886644340135	0.00403391658840766	0.020867158686321	0.0466135573730209	0.00807426926952132	0.0231577183673516	0.152995309078543	0.0088938237379185	0.00593830590858858	0.00468092521889704	0.00974972865644761	0.00978201759839519	0.007508841852661	0.00551703976203446	0.00945990902003863	0.0156114326775668	0.344372618229727
hsa04623 Cytosolic DNA-sensing pathway	0.0121322727226392	0.00547630307913102	0.00908506104658449	0.0279468650505971	0.00807426926952132	0.0231577183673516	0.152995309078543	0.0331006254718018	0.0178741867168772	0.00975583661136895	0.0169781342408512	0.0138664373191435	0.0112683337053215	0.00613550084556741	0.0097509121030097	0.0156114326775668	0.373209198305876
hsa04062 Chemokine signaling pathway	0.000485237229921477	0.000349609216509921	0.00437331485802419	0.0466135573730209	0.00384782940586655	0.0715385175262513	0.27513601595351	0.00826218321667583	0.00286771121279309	0.00148313268880525	0.00327454077090185	0.00373471101375066	0.007508841852661	0.00551703976203446	0.00858999272869526	0.00640708660815489	0.449989321417576
hsa04621 NOD-like receptor signaling pathway	0.0147889717785296	0.0137680359094239	0.0154506600996448	0.0861497463243483	0.0210530320382918	0.0231577183673516	0.239502695872135	0.00924811724187453	0.00796440588907439	0.0180706916718712	0.0141563486323511	0.0138664373191435	0.0408958389676857	0.00984716880956174	0.0134654004952461	0.0228577009275868	0.56424297034412
hsa04622 RIG-I-like receptor signaling pathway	0.0847968468205479	0.0618245827139976	0.0348000819360715	0.0466135573730209	0.050732114080827	0.0249003611526407	0.152995309078543	0.016499575919669	0.0413175718138681	0.0521998968835161	0.0217415547677094	0.0188530180262375	0.0527563568917826	0.0265917390850445	0.0439617617176148	0.0426471384372591	0.77323146669835
hsa04020 Calcium signaling pathway	0.014997088349945	0.0366210620310801	0.0154506600996448	0.30739548951786	0.0128188160855211	0.128785561826163	0.351649518756529	0.25152265153254	0.143705746274471	0.13351157898965	0.102553823615078	0.0772531732323731	0.0755149865000313	0.0909110119574127	0.115805258864189	0.137906177826162	1.99640260545865
hsa04612 Antigen processing and presentation	0.0260042751254071	0.00547630307913102	0.032830821189741	0.144884462294516	0.00807426926952132	0.56896012032789	0.956791261386075	0.134807787699803	0.0227257943249751	0.00422188627909181	0.0217415547677094	0.0257657618199484	0.0227261636484215	0.0507585193592703	0.0875592474727873	0.0622394551973548	2.17556768324164
hsa04672 Intestinal immune network for IgA production	0.0547749942915039	0.0672272952845599	0.211970408424875	0.421963791802322	0.0172231182500612	0.417891494891058	0.28673670132287	0.0643420365141385	0.112505922699932	0.152915117354245	0.0630986066317377	0.08946097006692	0.0522686577030729	0.114237992798195	0.110163175860666	0.0622394551973548	2.29901973909351
hsa04210 Apoptosis	0.175184879583711	0.117710542646494	0.247123493779745	0.343949917235746	0.239809272990018	0.151434122684068	0.956791261386075	0.0105450041624141	0.112505922699932	0.0631355099421478	0.0827578333170431	0.0846589012390097	0.175912800509979	0.0582881553456347	0.0705680888329434	0.0622394551973548	2.95261516155232
hsa04650 Natural killer cell mediated cytotoxicity	0.14192042106066	0.0710628516846528	0.18945235811253	0.421963791802322	0.050732114080827	0.527785444221145	0.842381419201585	0.156295056430059	0.112505922699932	0.0348943423323271	0.0827578333170431	0.0602403378045101	0.0408958389676857	0.114237992798195	0.110163175860666	0.147938861215977	3.10522776159012
hsa04380 Osteoclast differentiation	0.383533997559772	0.193392967623427	0.322272091270073	0.30739548951786	0.0445634210728273	0.14600904039566	0.740554062675275	0.00826218321667583	0.461074549220608	0.22978401830995	0.374583229228167	0.273734582813712	0.282874336214649	0.327101404131068	0.230430714004879	0.320419279280783	4.64598536653538
hsa04610 Complement and coagulation cascades	0.0638170738651892	0.0253010102974338	0.522195685996362	0.918556507477903	0.00923609711178885	0.999865054359696	0.552391061446455	0.148345731327243	0.102805571840736	0.0647695764826076	0.0861807833289959	0.526050993300212	0.0531073530524064	0.327556524450037	0.110163175860666	0.137906177826162	4.64824837802389
hsa00380 Tryptophan metabolism	0.360058956107993	0.23621554544138	0.400390833401813	0.625228127865795	0.4342442165003	0.284743946432208	0.740554062675275	0.445220144305729	0.332368826588002	0.336804882102755	0.279768667193408	0.317547937792427	0.317488841852644	0.408359034281513	0.320795183086297	0.361804507780157	6.20159371340769
hsa04145 Phagosome	0.0929858724981861	0.232658276305232	0.322272091270073	0.500932922590682	0.0569288006047539	0.999865054359696	0.997849634214764	0.999998331130623	0.310958908419116	0.21137700466293	0.458691491001877	0.486126659044061	0.317488841852644	0.638719377334079	0.659992287732001	0.706453893262761	7.99329944628348
hsa04670 Leukocyte transendothelial migration	0.277701198245857	0.534603271485105	0.400390833401813	0.864132575864029	0.239809272990018	0.999865054359696	0.997849634214764	0.682074951228229	0.584631645065811	0.598915409046132	0.794475811052388	0.657351922460944	0.717015993997627	0.643928563985985	0.555815905113973	0.706453893262761	10.2550159357751
hsa04974 Protein digestion and absorption	0.197258137573357	0.23621554544138	0.68369380504929	0.151391331962357	0.721448323300573	0.999865054359696	0.152995309078543	0.999998331130623	0.743307440387202	0.889589380221368	0.820339591194525	0.785020777414168	0.717015993997627	0.702023933084975	0.917142867168719	0.725468424217345	10.4427742455817
hsa04970 Salivary secretion	0.306545570505161	0.700456129702624	0.400390833401813	0.625228127865795	0.30671038961121	0.999865054359696	0.974442076919471	0.983052834423801	0.70676039796532	0.598915409046132	0.786180853853106	0.720549040116176	0.659192093496112	0.617274728327888	0.697077317805052	0.706453893262761	10.7890947506621
hsa00590 Arachidonic acid metabolism	0.468360517262651	0.858608569260763	0.734059551835325	0.742951339821264	0.4342442165003	0.981013720529929	0.974442076919471	0.818760465970565	0.644909810940048	0.647305684393088	0.703057977097419	0.46745792063351	0.586522756246968	0.638719377334079	0.459778765420375	0.706453893262761	10.8666466434285
hsa04972 Pancreatic secretion	0.385318961965059	0.708665569285605	0.734951594114916	0.626747191541134	0.30671038961121	0.999865054359696	0.997849634214764	0.999998331130623	0.734236555692012	0.705950882494289	0.794475811052388	0.732164483519153	0.659192093496112	0.638719377334079	0.86959259690042	0.706453893262761	11.6008924199742
hsa04971 Gastric acid secretion	0.515809106006979	0.432817173830476	0.734951594114916	0.988654956860904	0.4342442165003	0.999865054359696	0.997849634214764	0.999998331130623	0.70676039796532	0.60881969416458	0.820339591194525	0.749685187070435	0.717015993997627	0.638719377334079	0.771934952258613	0.706453893262761	11.8239191542666
hsa04920 Adipocytokine signaling pathway	0.544875201855468	0.498055813090523	0.859980126624087	0.889698625319816	0.26807167962405	0.527785444221145	0.997849634214764	0.811152447592608	0.792255961835276	0.889589380221368	0.820339591194525	0.732164483519153	0.717015993997627	0.807377070637828	0.86959259690042	0.916505628558806	11.9423096794075
hsa04976 Bile secretion	0.410281224639938	0.326632979780103	0.734951594114916	0.918556507477903	0.610637002166322	0.999865054359696	0.997849634214764	0.999998331130623	0.792255961835276	0.76836480087638	0.820440587683115	0.749685187070435	0.744709278466611	0.680753360871166	0.86959259690042	0.706453893262761	12.1310279948504
hsa04662 B cell receptor signaling pathway	0.544875201855468	0.824630421246614	0.606710016449286	0.962198001404528	0.873961940154999	0.987290660764645	0.997849634214764	0.817272055499385	0.644909810940048	0.598915409046132	0.820339591194525	0.732164483519153	0.717015993997627	0.638719377334079	0.751929275377221	0.706453893262761	12.2252357662612
hsa00260 Glycine, serine and threonine metabolism	0.683901659315664	0.999997689511831	0.960383992794624	0.918556507477903	0.652811779291447	0.999865054359696	0.906852378465145	0.999998331130623	0.677351110183992	0.60881969416458	0.774904929193309	0.730339633448949	0.613058586486616	0.638719377334079	0.659992287732001	0.827054486119204	12.6526074970097
hsa04340 Hedgehog signaling pathway	0.546463102267682	0.995759748943643	0.783338537873562	0.888854901833216	0.630827049259136	0.999865054359696	0.849467625306885	0.813674661533832	0.792255961835276	0.889589380221368	0.794475811052388	0.732164483519153	0.717015993997627	0.696072021760608	0.824031270673741	0.706453893262761	12.6603094977006
hsa04664 Fc epsilon RI signaling pathway	0.802799367022217	0.840672756162545	0.928460086254617	0.962198001404528	0.706077435163057	0.999865054359696	0.997849634214764	0.929641240453326	0.740774652503913	0.648929753027799	0.820339591194525	0.730339633448949	0.586522756246968	0.680753360871166	0.659992287732001	0.706453893262761	12.7416695033228
hsa04270 Vascular smooth muscle contraction	0.385318961965059	0.781184378484528	0.76614985133501	0.962198001404528	0.30671038961121	0.999865054359696	0.997849634214764	0.999998331130623	0.792255961835276	0.889589380221368	0.820440587683115	0.785020777414168	0.734114997324589	0.785885873318953	0.86959259690042	0.982404702347809	12.8585794795511
hsa00250 Alanine, aspartate and glutamate metabolism	0.546463102267682	0.781184378484528	0.960383992794624	0.684925424507817	0.564092225091079	0.999865054359696	0.997849634214764	0.635615380638916	0.85997866238385	0.889589380221368	0.92256930372678	0.859379268521075	0.787026803491337	0.71537616725465	0.917142867168719	0.827054486119204	12.9484961312461
hsa04512 ECM-receptor interaction	0.175184879583711	0.999997689511831	0.928460086254617	0.400444397156357	0.4342442165003	0.999865054359696	0.152995309078543	0.965787425620882	0.959369024708079	0.978440623063528	0.986048731115528	0.999998117486148	0.999997259897049	0.999997615494366	0.985811663467886	0.999997267386646	12.9666393606852
hsa00760 Nicotinate and nicotinamide metabolism	0.683901659315664	0.895442136493612	0.928460086254617	0.825944747410595	0.631968574436326	0.981013720529929	0.849467625306885	0.918519264079941	0.875837476739717	0.889589380221368	0.820440587683115	0.749685187070435	0.717015993997627	0.696072021760608	0.799360480505815	0.790589268637853	13.0533082104441
hsa00330 Arginine and proline metabolism	0.546463102267682	0.858608569260763	0.962501271715962	0.999975484281727	0.700747438418295	0.999865054359696	0.997849634214764	0.864441618455674	0.721794803744482	0.889589380221368	0.820339591194525	0.749685187070435	0.744709278466611	0.680753360871166	0.697077317805052	0.982404702347809	13.216805794696
hsa00830 Retinol metabolism	0.688017946438397	0.824630421246614	0.714645585622674	0.516087082899153	0.630827049259136	0.623658041087204	0.558540423111066	0.999998331130623	0.9999986308008	0.978440623063528	0.900946359113978	0.999998117486148	0.999997259897049	0.999997615494366	0.985811663467886	0.999997267386646	13.4215924175053
hsa00140 Steroid hormone biosynthesis	0.515809106006979	0.498055813090523	0.783338537873562	0.625228127865795	0.881128568965239	0.999865054359696	0.997849634214764	0.682074951228229	0.908083228890281	0.978440623063528	0.92256930372678	0.999400061432266	0.863511733792065	0.927259114764057	0.935576976612702	0.982404702347809	13.5005955382343
hsa04010 MAPK signaling pathway	0.857340754487564	0.999997689511831	0.960383992794624	0.962198001404528	0.799597979875028	0.999865054359696	0.997849634214764	0.999998331130623	0.792255961835276	0.876367872111779	0.794475811052388	0.730339633448949	0.717015993997627	0.638719377334079	0.799360480505815	0.743870814047008	13.6696373821116
hsa04360 Axon guidance	0.544875201855468	0.824630421246614	0.962501271715962	0.684925424507817	0.700747438418295	0.999865054359696	0.997849634214764	0.353973141760129	0.942149201445916	0.999999667206385	0.930297360470513	0.999400061432266	0.863511733792065	0.919887959118115	0.978081126301684	0.982404702347809	13.6850994001935
hsa04975 Fat digestion and absorption	0.546463102267682	0.840524521727535	0.999992676042341	0.962198001404528	0.376869169230098	0.999865054359696	0.997849634214764	0.999998331130623	0.833554137283499	0.889589380221368	0.820440587683115	0.842176298379093	0.863511733792065	0.807377070637828	0.917142867168719	0.995260242960159	13.6928128085031
hsa04960 Aldosterone-regulated sodium reabsorption	0.683901659315664	0.758011080738661	0.888181599524839	0.918556507477903	0.4342442165003	0.999865054359696	0.997849634214764	0.948946316760958	0.85997866238385	0.945758731439328	0.930297360470513	0.999400061432266	0.787026803491337	0.919887959118115	0.917142867168719	0.930455050860836	13.9195035652577
hsa02010 ABC transporters	0.683901659315664	0.981582702589163	0.928460086254617	0.971366443058893	0.623495686329312	0.999865054359696	0.997849634214764	0.811152447592608	0.908083228890281	0.889589380221368	0.820440587683115	0.785020777414168	0.863511733792065	0.807377070637828	0.917142867168719	0.982404702347809	13.9712440618701
hsa00360 Phenylalanine metabolism	0.683901659315664	0.708665569285605	0.928460086254617	0.918556507477903	0.432751598485284	0.999865054359696	0.997849634214764	0.999998331130623	0.908083228890281	0.889589380221368	0.92256930372678	0.919180267333185	0.863511733792065	0.919887959118115	0.917142867168719	0.982404702347809	13.9924178831225
hsa00770 Pantothenate and CoA biosynthesis	0.707886207782416	0.999997689511831	0.954534699526086	0.971366443058893	0.721448323300573	0.999865054359696	0.997849634214764	0.999998331130623	0.908083228890281	0.889589380221368	0.820440587683115	0.785020777414168	0.734114997324589	0.702023933084975	0.824031270673741	0.982404702347809	13.9986552605249
hsa03320 PPAR signaling pathway	0.468360517262651	0.498055813090523	0.928460086254617	0.962198001404528	0.352994023549635	0.999865054359696	0.936135583899286	0.999998331130623	0.994253909161727	0.999999667206385	0.999998817933341	0.999998117486148	0.999997259897049	0.999997615494366	0.985811663467886	0.999997267386646	14.1261217289851
hsa04740 Olfactory transduction	0.683901659315664	0.840524521727535	0.783338537873562	0.971366443058893	0.789941124262999	0.999865054359696	0.997849634214764	0.999998331130623	0.880130463075581	0.889589380221368	0.89924752488324	0.999400061432266	0.863511733792065	0.638719377334079	0.917142867168719	0.999997267386646	14.1545239812377
hsa04660 T cell receptor signaling pathway	0.873329146752429	0.758011080738661	0.964091273421606	0.962198001404528	0.721448323300573	0.981013720529929	0.997849634214764	0.650057513210568	0.908083228890281	0.891788854445014	0.930297360470513	0.919180267333185	0.823125549115583	0.919887959118115	0.917142867168719	0.982404702347809	14.1999094824623
hsa04742 Taste transduction	0.546463102267682	0.895442136493612	0.960383992794624	0.888854901833216	0.850179370188556	0.999865054359696	0.997849634214764	0.999998331130623	0.930944074624857	0.889589380221368	0.820440587683115	0.837549715818269	0.863511733792065	0.919887959118115	0.86959259690042	0.982404702347809	14.2529572737888
hsa04973 Carbohydrate digestion and absorption	0.660226240228444	0.824630421246614	0.999992676042341	0.786906421326098	0.666745044184554	0.999865054359696	0.997849634214764	0.948946316760958	0.908083228890281	0.889589380221368	0.930297360470513	0.999400061432266	0.781746335883361	0.919887959118115	0.978081126301684	0.982404702347809	14.2746519630289
hsa00983 Drug metabolism - other enzymes	0.683901659315664	0.858608569260763	0.960383992794624	0.962198001404528	0.873961940154999	0.999865054359696	0.956791261386075	0.999998331130623	0.908083228890281	0.889589380221368	0.851549136111633	0.919180267333185	0.818237990996341	0.919887959118115	0.917142867168719	0.982404702347809	14.5017843419944
hsa00533 Glycosaminoglycan biosynthesis - keratan sulfate	0.999999739832039	0.999997689511831	0.960383992794624	0.971366443058893	0.795603971619586	0.999865054359696	0.997849634214764	0.948946316760958	0.880130463075581	0.889589380221368	0.820440587683115	0.880845479980818	0.787026803491337	0.819537403305265	0.899358106733918	0.999997267386646	14.6509383340304
hsa04320 Dorso-ventral axis formation	0.688017946438397	0.999997689511831	0.960383992794624	0.962198001404528	0.82044075249664	0.999865054359696	0.997849634214764	0.887120477904913	0.908083228890281	0.889589380221368	0.930297360470513	0.999400061432266	0.863511733792065	0.919887959118115	0.917142867168719	0.982404702347809	14.7261908425665
hsa04012 ErbB signaling pathway	0.802799367022217	0.895442136493612	0.960383992794624	0.999975484281727	0.564092225091079	0.999865054359696	0.997849634214764	0.948946316760958	0.908083228890281	0.978440623063528	0.938945355819681	0.999400061432266	0.863511733792065	0.97107764753703	0.9512987766996	0.995260242960159	14.7753718812133
hsa00512 Mucin type O-Glycan biosynthesis	0.540247395843849	0.858608569260763	0.928460086254617	0.971366443058893	0.799597979875028	0.999865054359696	0.997849634214764	0.948946316760958	0.942149201445916	0.995760086613	0.995641575909541	0.999400061432266	0.823125549115583	0.999997615494366	0.978081126301684	0.999997267386646	14.7790939633276
hsa00350 Tyrosine metabolism	0.683901659315664	0.824630421246614	0.960383992794624	0.962198001404528	0.631968574436326	0.999865054359696	0.997849634214764	0.999998331130623	0.984209994403964	0.889589380221368	0.930297360470513	0.999998117486148	0.999997259897049	0.999997615494366	0.935576976612702	0.999997267386646	14.8004596408756
hsa04916 Melanogenesis	0.803610900351963	0.999997689511831	0.960383992794624	0.988654956860904	0.850179370188556	0.999865054359696	0.997849634214764	0.999998331130623	0.908083228890281	0.889589380221368	0.930297360470513	0.785020777414168	0.863511733792065	0.919887959118115	0.9512987766996	0.999997267386646	14.8482264134057
hsa00601 Glycosphingolipid biosynthesis - lacto and neolacto series	0.903278286989352	0.999997689511831	0.962501271715962	0.999975484281727	0.999997996449088	0.999865054359696	0.997849634214764	0.813674661533832	0.908083228890281	0.889589380221368	0.92256930372678	0.919180267333185	0.863511733792065	0.815949659476384	0.899358106733918	0.982404702347809	14.877786461578
hsa04510 Focal adhesion	0.432532935930552	0.858608569260763	0.928460086254617	0.988654956860904	0.765978613874713	0.999865054359696	0.997849634214764	0.999998331130623	0.9999986308008	0.999999667206385	0.999998817933341	0.999998117486148	0.999997259897049	0.999997615494366	0.985811663467886	0.999997267386646	14.9577472215593
hsa04744 Phototransduction	0.557317961393651	0.858608569260763	0.999992676042341	0.999975484281727	0.881128568965239	0.999865054359696	0.997849634214764	0.999998331130623	0.908083228890281	0.889589380221368	0.938945355819681	0.999400061432266	0.999997259897049	0.987705000482432	0.985481143600535	0.999997267386646	15.0039349773791
hsa04614 Renin-angiotensin system	0.683901659315664	0.895442136493612	0.960383992794624	0.825944747410595	0.881128568965239	0.999865054359696	0.888579161036844	0.999998331130623	0.947137077700674	0.999999667206385	0.999998817933341	0.999998117486148	0.999997259897049	0.999997615494366	0.985811663467886	0.999997267386646	15.0681811380794
hsa00340 Histidine metabolism	0.683901659315664	0.824630421246614	0.962501271715962	0.999975484281727	0.82044075249664	0.999865054359696	0.997849634214764	0.813674661533832	0.9999986308008	0.999999667206385	0.999998817933341	0.999998117486148	0.999997259897049	0.999997615494366	0.995339954953912	0.999997267386646	15.0981662703235
hsa04530 Tight junction	0.660226240228444	0.840524521727535	0.960383992794624	0.999975484281727	0.881128568965239	0.999865054359696	0.997849634214764	0.999998331130623	0.942149201445916	0.978440623063528	0.938945355819681	0.999998117486148	0.999997259897049	0.999997615494366	0.985811663467886	0.999997267386646	15.1852889317639
hsa04370 VEGF signaling pathway	0.707886207782416	0.895442136493612	0.962501271715962	0.999975484281727	0.751073253106508	0.999865054359696	0.997849634214764	0.999998331130623	0.959369024708079	0.978440623063528	0.999998817933341	0.999998117486148	0.982277097127696	0.999997615494366	0.985481143600535	0.999997267386646	15.2201510798856
hsa04730 Long-term depression	0.688017946438397	0.999997689511831	0.928460086254617	0.999975484281727	0.894292961121427	0.999865054359696	0.997849634214764	0.999998331130623	0.942149201445916	0.978440623063528	0.996002886826923	0.999998117486148	0.863511733792065	0.999997615494366	0.978081126301684	0.999997267386646	15.2666357591104
hsa00980 Metabolism of xenobiotics by cytochrome P450	0.802799367022217	0.781184378484528	0.928460086254617	0.962198001404528	0.850179370188556	0.999865054359696	0.997849634214764	0.965787425620882	0.9999986308008	0.999999667206385	0.999998817933341	0.999998117486148	0.999997259897049	0.999997615494366	0.985811663467886	0.999997267386646	15.2741223572224
hsa00120 Primary bile acid biosynthesis	0.654027471379527	0.840524521727535	0.960383992794624	0.971366443058893	0.938358658147428	0.999865054359696	0.997849634214764	0.999998331130623	0.959369024708079	0.978440623063528	0.999998817933341	0.999998117486148	0.999997259897049	0.999997615494366	0.985811663467886	0.999997267386646	15.2859844962501
hsa04810 Regulation of actin cytoskeleton	0.512721424570833	0.999997689511831	0.928460086254617	0.999975484281727	0.881128568965239	0.999865054359696	0.997849634214764	0.999998331130623	0.9999986308008	0.999999667206385	0.999998817933341	0.999998117486148	0.999997259897049	0.999997615494366	0.985811663467886	0.999997267386646	15.305795312962
hsa00100 Steroid biosynthesis	0.999999739832039	0.999997689511831	0.999992676042341	0.999975484281727	0.411442033389805	0.999865054359696	0.997849634214764	0.965787425620882	0.9999986308008	0.999999667206385	0.999998817933341	0.999998117486148	0.999997259897049	0.999997615494366	0.985811663467886	0.999997267386646	15.3607087769257
hsa00534 Glycosaminoglycan biosynthesis - heparan sulfate	0.802700580383991	0.895442136493612	0.976944937075686	0.999975484281727	0.881128568965239	0.999865054359696	0.997849634214764	0.999998331130623	0.959369024708079	0.978440623063528	0.930297360470513	0.999998117486148	0.999997259897049	0.999997615494366	0.985811663467886	0.999997267386646	15.4078136588796
hsa00982 Drug metabolism - cytochrome P450	0.92033007684758	0.858608569260763	0.960383992794624	0.999975484281727	0.721448323300573	0.999865054359696	0.997849634214764	0.999998331130623	0.9999986308008	0.999999667206385	0.999998817933341	0.999998117486148	0.999997259897049	0.999997615494366	0.985811663467886	0.999997267386646	15.444258505863
hsa04540 Gap junction	0.683901659315664	0.999997689511831	0.962501271715962	0.971366443058893	0.881128568965239	0.999865054359696	0.997849634214764	0.999998331130623	0.9999986308008	0.999999667206385	0.999998817933341	0.999998117486148	0.999997259897049	0.999997615494366	0.999638966103736	0.999997267386646	15.4962349945811
hsa00561 Glycerolipid metabolism	0.873329146752429	0.981582702589163	0.928460086254617	0.999975484281727	0.881128568965239	0.999865054359696	0.997849634214764	0.887120477904913	0.9999986308008	0.978440623063528	0.986048731115528	0.999998117486148	0.999997259897049	0.999997615494366	0.985481143600535	0.999997267386646	15.4992705441671
hsa04966 Collecting duct acid secretion	0.823042038486766	0.824630421246614	0.960383992794624	0.962198001404528	0.999997996449088	0.999865054359696	0.997849634214764	0.999998331130623	0.959369024708079	0.999999667206385	0.999998817933341	0.999998117486148	0.999997259897049	0.999997615494366	0.985481143600535	0.999997267386646	15.5128043837993
hsa00270 Cysteine and methionine metabolism	0.999999739832039	0.999997689511831	0.962501271715962	0.962198001404528	0.926852030499529	0.999865054359696	0.997849634214764	0.948946316760958	0.930944074624857	0.978440623063528	0.938945355819681	0.999400061432266	0.982277097127696	0.927259114764057	0.978081126301684	0.982404702347809	15.5159618937809
hsa00604 Glycosphingolipid biosynthesis - ganglio series	0.88186222968989	0.895442136493612	0.960383992794624	0.962198001404528	0.894292961121427	0.999865054359696	0.997849634214764	0.999998331130623	0.9999986308008	0.999999667206385	0.999998817933341	0.999998117486148	0.999997259897049	0.999997615494366	0.985811663467886	0.999997267386646	15.5776913808818
hsa04146 Peroxisome	0.857340754487564	0.999997689511831	0.928460086254617	0.999975484281727	0.881128568965239	0.999865054359696	0.997849634214764	0.999998331130623	0.9999986308008	0.999999667206385	0.999998817933341	0.999998117486148	0.999997259897049	0.999997615494366	0.985811663467886	0.999997267386646	15.6504146428787
hsa04144 Endocytosis	0.999999739832039	0.999997689511831	0.999992676042341	0.999975484281727	0.894292961121427	0.999865054359696	0.997849634214764	0.999998331130623	0.908083228890281	0.889589380221368	0.999998817933341	0.999400061432266	0.999997259897049	0.999997615494366	0.985811663467886	0.999997267386646	15.6748468652177
hsa00010 Glycolysis / Gluconeogenesis	0.999999739832039	0.981582702589163	0.999992676042341	0.85695576025404	0.859029508195472	0.999865054359696	0.997849634214764	0.999998331130623	0.9999986308008	0.999999667206385	0.999998817933341	0.999998117486148	0.999997259897049	0.999997615494366	0.985811663467886	0.999997267386646	15.6810724462908
hsa00230 Purine metabolism	0.882933243501201	0.999997689511831	0.962501271715962	0.999975484281727	0.881128568965239	0.999865054359696	0.997849634214764	0.999998331130623	0.9999986308008	0.999999667206385	0.999998817933341	0.999998117486148	0.999997259897049	0.999997615494366	0.985811663467886	0.999997267386646	15.7100483173537
hsa04330 Notch signaling pathway	0.999999739832039	0.999997689511831	0.976944937075686	0.999975484281727	0.881128568965239	0.999865054359696	0.997849634214764	0.999998331130623	0.947137077700674	0.978440623063528	0.995641575909541	0.999400061432266	0.982277097127696	0.987705000482432	0.978081126301684	0.999997267386646	15.7244392687761
hsa04150 mTOR signaling pathway	0.926410860062179	0.999997689511831	0.960383992794624	0.999975484281727	0.873961940154999	0.999865054359696	0.997849634214764	0.999998331130623	0.9999986308008	0.999999667206385	0.999998817933341	0.999998117486148	0.999997259897049	0.999997615494366	0.985811663467886	0.999997267386646	15.7442420261831
hsa03010 Ribosome	0.999999739832039	0.999997689511831	0.964091273421606	0.999975484281727	0.789941124262999	0.999865054359696	0.997849634214764	0.999998331130623	0.9999986308008	0.999999667206385	0.999998817933341	0.999998117486148	0.999997259897049	0.999997615494366	0.999994259643208	0.999997267386646	15.7516999668632
hsa00071 Fatty acid metabolism	0.88186222968989	0.999997689511831	0.999992676042341	0.999975484281727	0.894292961121427	0.999865054359696	0.997849634214764	0.999998331130623	0.9999986308008	0.999999667206385	0.999998817933341	0.999998117486148	0.999997259897049	0.999997615494366	0.985811663467886	0.999997267386646	15.7596331000249
hsa04115 p53 signaling pathway	0.823042038486766	0.999997689511831	0.962501271715962	0.999975484281727	0.999997996449088	0.999865054359696	0.997849634214764	0.999998331130623	0.9999986308008	0.999999667206385	0.999998817933341	0.999998117486148	0.999997259897049	0.999997615494366	0.999994259643208	0.999997267386646	15.7832091359984
hsa00410 beta-Alanine metabolism	0.882933243501201	0.999997689511831	0.999992676042341	0.999975484281727	0.926852030499529	0.999865054359696	0.997849634214764	0.999998331130623	0.9999986308008	0.999999667206385	0.999998817933341	0.999998117486148	0.999997259897049	0.999997615494366	0.985811663467886	0.999997267386646	15.7932631832143
hsa00051 Fructose and mannose metabolism	0.999999739832039	0.999997689511831	0.999992676042341	0.962198001404528	0.850179370188556	0.999865054359696	0.997849634214764	0.999998331130623	0.9999986308008	0.999999667206385	0.999998817933341	0.999998117486148	0.999997259897049	0.999997615494366	0.985811663467886	0.999997267386646	15.795879536357
hsa04070 Phosphatidylinositol signaling system	0.999999739832039	0.999997689511831	0.960383992794624	0.999975484281727	0.881128568965239	0.999865054359696	0.997849634214764	0.999998331130623	0.977095009882389	0.999999667206385	0.999998817933341	0.999998117486148	0.999997259897049	0.999997615494366	0.985811663467886	0.999997267386646	15.8020939138448
hsa04350 TGF-beta signaling pathway	0.999999739832039	0.999997689511831	0.999992676042341	0.988654956860904	0.850179370188556	0.999865054359696	0.997849634214764	0.999998331130623	0.9999986308008	0.999999667206385	0.999998817933341	0.999998117486148	0.999997259897049	0.999997615494366	0.985811663467886	0.999997267386646	15.8223364918134
hsa04260 Cardiac muscle contraction	0.999999739832039	0.920661681201807	0.999992676042341	0.999975484281727	0.926852030499529	0.999865054359696	0.997849634214764	0.999998331130623	0.9999986308008	0.999999667206385	0.999998817933341	0.999998117486148	0.999997259897049	0.999997615494366	0.985811663467886	0.999997267386646	15.8309936712351
hsa04666 Fc gamma R-mediated phagocytosis	0.999999739832039	0.999997689511831	0.999992676042341	0.999975484281727	0.894292961121427	0.999865054359696	0.997849634214764	0.999998331130623	0.959369024708079	0.999999667206385	0.999998817933341	0.999998117486148	0.999997259897049	0.999997615494366	0.985811663467886	0.999997267386646	15.8371410040743
hsa00052 Galactose metabolism	0.999999739832039	0.999997689511831	0.999992676042341	0.962198001404528	0.894292961121427	0.999865054359696	0.997849634214764	0.999998331130623	0.9999986308008	0.999999667206385	0.999998817933341	0.999998117486148	0.999997259897049	0.999997615494366	0.985811663467886	0.999997267386646	15.8399931272899
hsa00650 Butanoate metabolism	0.999999739832039	0.999997689511831	0.976944937075686	0.999975484281727	0.894292961121427	0.999865054359696	0.997849634214764	0.999998331130623	0.9999986308008	0.999999667206385	0.999998817933341	0.999400061432266	0.999997259897049	0.999997615494366	0.978081126301684	0.999997267386646	15.8463942779803
hsa04977 Vitamin digestion and absorption	0.999999739832039	0.999997689511831	0.960383992794624	0.999975484281727	0.894292961121427	0.999865054359696	0.997849634214764	0.999998331130623	0.9999986308008	0.999999667206385	0.999998817933341	0.999998117486148	0.999997259897049	0.999997615494366	0.999994259643208	0.999997267386646	15.8523445230947
hsa04912 GnRH signaling pathway	0.999999739832039	0.999997689511831	0.999992676042341	0.999975484281727	0.881128568965239	0.999865054359696	0.997849634214764	0.999998331130623	0.9999986308008	0.999999667206385	0.999998817933341	0.999998117486148	0.999997259897049	0.999997615494366	0.985811663467886	0.999997267386646	15.8646062180109
hsa04722 Neurotrophin signaling pathway	0.999999739832039	0.999997689511831	0.999992676042341	0.999975484281727	0.881128568965239	0.999865054359696	0.997849634214764	0.999998331130623	0.9999986308008	0.999999667206385	0.999998817933341	0.999998117486148	0.999997259897049	0.999997615494366	0.985811663467886	0.999997267386646	15.8646062180109
hsa04710 Circadian rhythm - mammal	0.999999739832039	0.999997689511831	0.999992676042341	0.988654956860904	0.894292961121427	0.999865054359696	0.997849634214764	0.999998331130623	0.9999986308008	0.999999667206385	0.999998817933341	0.999998117486148	0.999997259897049	0.999997615494366	0.985811663467886	0.999997267386646	15.8664500827462
hsa00630 Glyoxylate and dicarboxylate metabolism	0.999999739832039	0.999997689511831	0.928460086254617	0.999975484281727	0.945656791183666	0.999865054359696	0.997849634214764	0.999998331130623	0.9999986308008	0.999999667206385	0.999998817933341	0.999998117486148	0.999997259897049	0.999997615494366	0.999994259643208	0.999997267386646	15.8717844466169
hsa04914 Progesterone-mediated oocyte maturation	0.999999739832039	0.981582702589163	0.999992676042341	0.999975484281727	0.894292961121427	0.999865054359696	0.997849634214764	0.999998331130623	0.9999986308008	0.999999667206385	0.999998817933341	0.999998117486148	0.999997259897049	0.999997615494366	0.999994259643208	0.999997267386646	15.8735382194197
hsa04720 Long-term potentiation	0.967371599006498	0.999997689511831	0.999992676042341	0.999975484281727	0.926852030499529	0.999865054359696	0.997849634214764	0.999998331130623	0.9999986308008	0.999999667206385	0.999998817933341	0.999998117486148	0.999997259897049	0.999997615494366	0.985811663467886	0.999997267386646	15.8777015387196
hsa00240 Pyrimidine metabolism	0.999999739832039	0.999997689511831	0.999992676042341	0.999975484281727	0.894292961121427	0.999865054359696	0.997849634214764	0.999998331130623	0.9999986308008	0.999999667206385	0.999998817933341	0.999998117486148	0.999997259897049	0.999997615494366	0.985811663467886	0.999997267386646	15.8777706101671
hsa00620 Pyruvate metabolism	0.999999739832039	0.999997689511831	0.999992676042341	0.999975484281727	0.906072312530661	0.999865054359696	0.997849634214764	0.999998331130623	0.9999986308008	0.999999667206385	0.999998817933341	0.999998117486148	0.999997259897049	0.999997615494366	0.985811663467886	0.999997267386646	15.8895499615763
hsa00450 Selenocompound metabolism	0.999999739832039	0.999997689511831	0.999992676042341	0.999975484281727	0.894292961121427	0.999865054359696	0.997849634214764	0.999998331130623	0.9999986308008	0.999999667206385	0.999998817933341	0.999998117486148	0.999997259897049	0.999997615494366	0.999994259643208	0.999997267386646	15.8919532063424
hsa00500 Starch and sucrose metabolism	0.999999739832039	0.999997689511831	0.999992676042341	0.918556507477903	0.999997996449088	0.999865054359696	0.997849634214764	0.999998331130623	0.9999986308008	0.999999667206385	0.999998817933341	0.999998117486148	0.999997259897049	0.999997615494366	0.985811663467886	0.999997267386646	15.9020566686909
hsa03050 Proteasome	0.999999739832039	0.999997689511831	0.999992676042341	0.999975484281727	0.926852030499529	0.999865054359696	0.997849634214764	0.999998331130623	0.9999986308008	0.999999667206385	0.999998817933341	0.999998117486148	0.999997259897049	0.999997615494366	0.985811663467886	0.999997267386646	15.9103296795452
hsa00531 Glycosaminoglycan degradation	0.999999739832039	0.999997689511831	0.999992676042341	0.999975484281727	0.926852030499529	0.999865054359696	0.997849634214764	0.999998331130623	0.9999986308008	0.999999667206385	0.999998817933341	0.999998117486148	0.999997259897049	0.999997615494366	0.985811663467886	0.999997267386646	15.9103296795452
hsa00532 Glycosaminoglycan biosynthesis - chondroitin sulfate	0.999999739832039	0.999997689511831	0.965291400113463	0.971366443058893	0.999997996449088	0.999865054359696	0.997849634214764	0.999998331130623	0.9999986308008	0.999999667206385	0.999998817933341	0.999998117486148	0.999997259897049	0.999997615494366	0.985811663467886	0.999997267386646	15.920165328343
hsa04910 Insulin signaling pathway	0.999999739832039	0.999997689511831	0.999992676042341	0.999975484281727	0.926852030499529	0.999865054359696	0.997849634214764	0.999998331130623	0.9999986308008	0.999999667206385	0.999998817933341	0.999998117486148	0.999997259897049	0.999997615494366	0.999994259643208	0.999997267386646	15.9245122757205
hsa00670 One carbon pool by folate	0.999999739832039	0.999997689511831	0.999992676042341	0.999975484281727	0.926852030499529	0.999865054359696	0.997849634214764	0.999998331130623	0.9999986308008	0.999999667206385	0.999998817933341	0.999998117486148	0.999997259897049	0.999997615494366	0.999994259643208	0.999997267386646	15.9245122757205
hsa00860 Porphyrin and chlorophyll metabolism	0.998778104701582	0.999997689511831	0.964091273421606	0.999975484281727	0.999997996449088	0.999865054359696	0.997849634214764	0.999998331130623	0.994253909161727	0.999999667206385	0.999998817933341	0.999998117486148	0.999997259897049	0.999997615494366	0.978081126301684	0.999997267386646	15.9328773489383
hsa00900 Terpenoid backbone biosynthesis	0.999999739832039	0.999997689511831	0.999992676042341	0.999975484281727	0.954721869072594	0.999865054359696	0.997849634214764	0.999998331130623	0.9999986308008	0.999999667206385	0.999998817933341	0.999998117486148	0.999997259897049	0.999997615494366	0.985811663467886	0.999997267386646	15.9381995181182
hsa00565 Ether lipid metabolism	0.999999739832039	0.999997689511831	0.964091273421606	0.999975484281727	0.999997996449088	0.999865054359696	0.997849634214764	0.999998331130623	0.9999986308008	0.999999667206385	0.999998817933341	0.999998117486148	0.999997259897049	0.999997615494366	0.985811663467886	0.999997267386646	15.947574242874
hsa03030 DNA replication	0.999999739832039	0.999997689511831	0.960383992794624	0.999975484281727	0.999997996449088	0.999865054359696	0.997849634214764	0.999998331130623	0.9999986308008	0.999999667206385	0.999998817933341	0.999998117486148	0.999997259897049	0.999997615494366	0.999994259643208	0.999997267386646	15.9580495584223
hsa00564 Glycerophospholipid metabolism	0.999999739832039	0.999997689511831	0.962501271715962	0.999975484281727	0.999997996449088	0.999865054359696	0.997849634214764	0.999998331130623	0.9999986308008	0.999999667206385	0.999998817933341	0.999998117486148	0.999997259897049	0.999997615494366	0.999994259643208	0.999997267386646	15.9601668373437
hsa00480 Glutathione metabolism	0.999999739832039	0.999997689511831	0.971972395996171	0.999975484281727	0.999997996449088	0.999865054359696	0.997849634214764	0.999998331130623	0.9999986308008	0.999999667206385	0.999998817933341	0.999998117486148	0.999997259897049	0.999997615494366	0.996488926500289	0.999997267386646	15.966132628481
hsa04142 Lysosome	0.999999739832039	0.999997689511831	0.999992676042341	0.971366443058893	0.999997996449088	0.999865054359696	0.997849634214764	0.999998331130623	0.9999986308008	0.999999667206385	0.999998817933341	0.999998117486148	0.999997259897049	0.999997615494366	0.999994259643208	0.999997267386646	15.9690492004472
hsa00280 Valine, leucine and isoleucine degradation	0.999999739832039	0.999997689511831	0.999992676042341	0.999975484281727	0.999997996449088	0.999865054359696	0.997849634214764	0.999998331130623	0.994253909161727	0.999999667206385	0.999998817933341	0.999998117486148	0.999997259897049	0.999997615494366	0.985811663467886	0.999997267386646	15.9777309238557
hsa00600 Sphingolipid metabolism	0.999999739832039	0.999997689511831	0.999992676042341	0.999975484281727	0.999997996449088	0.999865054359696	0.997849634214764	0.999998331130623	0.9999986308008	0.999999667206385	0.999998817933341	0.999998117486148	0.999997259897049	0.999997615494366	0.985811663467886	0.999997267386646	15.9834756454947
hsa00511 Other glycan degradation	0.999999739832039	0.999997689511831	0.999992676042341	0.995711369174777	0.999997996449088	0.999865054359696	0.997849634214764	0.999998331130623	0.9999986308008	0.999999667206385	0.999998817933341	0.999998117486148	0.999997259897049	0.999997615494366	0.999994259643208	0.999997267386646	15.9933941265631
hsa04520 Adherens junction	0.999999739832039	0.999997689511831	0.999992676042341	0.999975484281727	0.999997996449088	0.999865054359696	0.997849634214764	0.999998331130623	0.9999986308008	0.999999667206385	0.999998817933341	0.999998117486148	0.999997259897049	0.999997615494366	0.999638966103736	0.999997267386646	15.9973029481306
hsa04962 Vasopressin-regulated water reabsorption	0.999999739832039	0.999997689511831	0.999992676042341	0.999975484281727	0.999997996449088	0.999865054359696	0.997849634214764	0.999998331130623	0.9999986308008	0.999999667206385	0.999998817933341	0.999998117486148	0.999997259897049	0.999997615494366	0.999994259643208	0.999997267386646	15.9976582416701
hsa04310 Wnt signaling pathway	0.999999739832039	0.999997689511831	0.999992676042341	0.999975484281727	0.999997996449088	0.999865054359696	0.997849634214764	0.999998331130623	0.9999986308008	0.999999667206385	0.999998817933341	0.999998117486148	0.999997259897049	0.999997615494366	0.999994259643208	0.999997267386646	15.9976582416701
hsa04141 Protein processing in endoplasmic reticulum	0.999999739832039	0.999997689511831	0.999992676042341	0.999975484281727	0.999997996449088	0.999865054359696	0.997849634214764	0.999998331130623	0.9999986308008	0.999999667206385	0.999998817933341	0.999998117486148	0.999997259897049	0.999997615494366	0.999994259643208	0.999997267386646	15.9976582416701
hsa04140 Regulation of autophagy	0.999999739832039	0.999997689511831	0.999992676042341	0.999975484281727	0.999997996449088	0.999865054359696	0.997849634214764	0.999998331130623	0.9999986308008	0.999999667206385	0.999998817933341	0.999998117486148	0.999997259897049	0.999997615494366	0.999994259643208	0.999997267386646	15.9976582416701
hsa04130 SNARE interactions in vesicular transport	0.999999739832039	0.999997689511831	0.999992676042341	0.999975484281727	0.999997996449088	0.999865054359696	0.997849634214764	0.999998331130623	0.9999986308008	0.999999667206385	0.999998817933341	0.999998117486148	0.999997259897049	0.999997615494366	0.999994259643208	0.999997267386646	15.9976582416701
hsa04120 Ubiquitin mediated proteolysis	0.999999739832039	0.999997689511831	0.999992676042341	0.999975484281727	0.999997996449088	0.999865054359696	0.997849634214764	0.999998331130623	0.9999986308008	0.999999667206385	0.999998817933341	0.999998117486148	0.999997259897049	0.999997615494366	0.999994259643208	0.999997267386646	15.9976582416701
hsa04114 Oocyte meiosis	0.999999739832039	0.999997689511831	0.999992676042341	0.999975484281727	0.999997996449088	0.999865054359696	0.997849634214764	0.999998331130623	0.9999986308008	0.999999667206385	0.999998817933341	0.999998117486148	0.999997259897049	0.999997615494366	0.999994259643208	0.999997267386646	15.9976582416701
hsa04110 Cell cycle	0.999999739832039	0.999997689511831	0.999992676042341	0.999975484281727	0.999997996449088	0.999865054359696	0.997849634214764	0.999998331130623	0.9999986308008	0.999999667206385	0.999998817933341	0.999998117486148	0.999997259897049	0.999997615494366	0.999994259643208	0.999997267386646	15.9976582416701
hsa03450 Non-homologous end-joining	0.999999739832039	0.999997689511831	0.999992676042341	0.999975484281727	0.999997996449088	0.999865054359696	0.997849634214764	0.999998331130623	0.9999986308008	0.999999667206385	0.999998817933341	0.999998117486148	0.999997259897049	0.999997615494366	0.999994259643208	0.999997267386646	15.9976582416701
hsa03440 Homologous recombination	0.999999739832039	0.999997689511831	0.999992676042341	0.999975484281727	0.999997996449088	0.999865054359696	0.997849634214764	0.999998331130623	0.9999986308008	0.999999667206385	0.999998817933341	0.999998117486148	0.999997259897049	0.999997615494366	0.999994259643208	0.999997267386646	15.9976582416701
hsa03430 Mismatch repair	0.999999739832039	0.999997689511831	0.999992676042341	0.999975484281727	0.999997996449088	0.999865054359696	0.997849634214764	0.999998331130623	0.9999986308008	0.999999667206385	0.999998817933341	0.999998117486148	0.999997259897049	0.999997615494366	0.999994259643208	0.999997267386646	15.9976582416701
hsa03420 Nucleotide excision repair	0.999999739832039	0.999997689511831	0.999992676042341	0.999975484281727	0.999997996449088	0.999865054359696	0.997849634214764	0.999998331130623	0.9999986308008	0.999999667206385	0.999998817933341	0.999998117486148	0.999997259897049	0.999997615494366	0.999994259643208	0.999997267386646	15.9976582416701
hsa03410 Base excision repair	0.999999739832039	0.999997689511831	0.999992676042341	0.999975484281727	0.999997996449088	0.999865054359696	0.997849634214764	0.999998331130623	0.9999986308008	0.999999667206385	0.999998817933341	0.999998117486148	0.999997259897049	0.999997615494366	0.999994259643208	0.999997267386646	15.9976582416701
hsa03060 Protein export	0.999999739832039	0.999997689511831	0.999992676042341	0.999975484281727	0.999997996449088	0.999865054359696	0.997849634214764	0.999998331130623	0.9999986308008	0.999999667206385	0.999998817933341	0.999998117486148	0.999997259897049	0.999997615494366	0.999994259643208	0.999997267386646	15.9976582416701
hsa03040 Spliceosome	0.999999739832039	0.999997689511831	0.999992676042341	0.999975484281727	0.999997996449088	0.999865054359696	0.997849634214764	0.999998331130623	0.9999986308008	0.999999667206385	0.999998817933341	0.999998117486148	0.999997259897049	0.999997615494366	0.999994259643208	0.999997267386646	15.9976582416701
hsa03022 Basal transcription factors	0.999999739832039	0.999997689511831	0.999992676042341	0.999975484281727	0.999997996449088	0.999865054359696	0.997849634214764	0.999998331130623	0.9999986308008	0.999999667206385	0.999998817933341	0.999998117486148	0.999997259897049	0.999997615494366	0.999994259643208	0.999997267386646	15.9976582416701
hsa03020 RNA polymerase	0.999999739832039	0.999997689511831	0.999992676042341	0.999975484281727	0.999997996449088	0.999865054359696	0.997849634214764	0.999998331130623	0.9999986308008	0.999999667206385	0.999998817933341	0.999998117486148	0.999997259897049	0.999997615494366	0.999994259643208	0.999997267386646	15.9976582416701
hsa03018 RNA degradation	0.999999739832039	0.999997689511831	0.999992676042341	0.999975484281727	0.999997996449088	0.999865054359696	0.997849634214764	0.999998331130623	0.9999986308008	0.999999667206385	0.999998817933341	0.999998117486148	0.999997259897049	0.999997615494366	0.999994259643208	0.999997267386646	15.9976582416701
hsa03015 mRNA surveillance pathway	0.999999739832039	0.999997689511831	0.999992676042341	0.999975484281727	0.999997996449088	0.999865054359696	0.997849634214764	0.999998331130623	0.9999986308008	0.999999667206385	0.999998817933341	0.999998117486148	0.999997259897049	0.999997615494366	0.999994259643208	0.999997267386646	15.9976582416701
hsa03013 RNA transport	0.999999739832039	0.999997689511831	0.999992676042341	0.999975484281727	0.999997996449088	0.999865054359696	0.997849634214764	0.999998331130623	0.9999986308008	0.999999667206385	0.999998817933341	0.999998117486148	0.999997259897049	0.999997615494366	0.999994259643208	0.999997267386646	15.9976582416701
hsa03008 Ribosome biogenesis in eukaryotes	0.999999739832039	0.999997689511831	0.999992676042341	0.999975484281727	0.999997996449088	0.999865054359696	0.997849634214764	0.999998331130623	0.9999986308008	0.999999667206385	0.999998817933341	0.999998117486148	0.999997259897049	0.999997615494366	0.999994259643208	0.999997267386646	15.9976582416701
hsa01040 Biosynthesis of unsaturated fatty acids	0.999999739832039	0.999997689511831	0.999992676042341	0.999975484281727	0.999997996449088	0.999865054359696	0.997849634214764	0.999998331130623	0.9999986308008	0.999999667206385	0.999998817933341	0.999998117486148	0.999997259897049	0.999997615494366	0.999994259643208	0.999997267386646	15.9976582416701
hsa00970 Aminoacyl-tRNA biosynthesis	0.999999739832039	0.999997689511831	0.999992676042341	0.999975484281727	0.999997996449088	0.999865054359696	0.997849634214764	0.999998331130623	0.9999986308008	0.999999667206385	0.999998817933341	0.999998117486148	0.999997259897049	0.999997615494366	0.999994259643208	0.999997267386646	15.9976582416701
hsa00640 Propanoate metabolism	0.999999739832039	0.999997689511831	0.999992676042341	0.999975484281727	0.999997996449088	0.999865054359696	0.997849634214764	0.999998331130623	0.9999986308008	0.999999667206385	0.999998817933341	0.999998117486148	0.999997259897049	0.999997615494366	0.999994259643208	0.999997267386646	15.9976582416701
hsa00563 Glycosylphosphatidylinositol(GPI)-anchor biosynthesis	0.999999739832039	0.999997689511831	0.999992676042341	0.999975484281727	0.999997996449088	0.999865054359696	0.997849634214764	0.999998331130623	0.9999986308008	0.999999667206385	0.999998817933341	0.999998117486148	0.999997259897049	0.999997615494366	0.999994259643208	0.999997267386646	15.9976582416701
hsa00562 Inositol phosphate metabolism	0.999999739832039	0.999997689511831	0.999992676042341	0.999975484281727	0.999997996449088	0.999865054359696	0.997849634214764	0.999998331130623	0.9999986308008	0.999999667206385	0.999998817933341	0.999998117486148	0.999997259897049	0.999997615494366	0.999994259643208	0.999997267386646	15.9976582416701
hsa00520 Amino sugar and nucleotide sugar metabolism	0.999999739832039	0.999997689511831	0.999992676042341	0.999975484281727	0.999997996449088	0.999865054359696	0.997849634214764	0.999998331130623	0.9999986308008	0.999999667206385	0.999998817933341	0.999998117486148	0.999997259897049	0.999997615494366	0.999994259643208	0.999997267386646	15.9976582416701
hsa00514 Other types of O-glycan biosynthesis	0.999999739832039	0.999997689511831	0.999992676042341	0.999975484281727	0.999997996449088	0.999865054359696	0.997849634214764	0.999998331130623	0.9999986308008	0.999999667206385	0.999998817933341	0.999998117486148	0.999997259897049	0.999997615494366	0.999994259643208	0.999997267386646	15.9976582416701
hsa00510 N-Glycan biosynthesis	0.999999739832039	0.999997689511831	0.999992676042341	0.999975484281727	0.999997996449088	0.999865054359696	0.997849634214764	0.999998331130623	0.9999986308008	0.999999667206385	0.999998817933341	0.999998117486148	0.999997259897049	0.999997615494366	0.999994259643208	0.999997267386646	15.9976582416701
hsa00310 Lysine degradation	0.999999739832039	0.999997689511831	0.999992676042341	0.999975484281727	0.999997996449088	0.999865054359696	0.997849634214764	0.999998331130623	0.9999986308008	0.999999667206385	0.999998817933341	0.999998117486148	0.999997259897049	0.999997615494366	0.999994259643208	0.999997267386646	15.9976582416701
hsa00190 Oxidative phosphorylation	0.999999739832039	0.999997689511831	0.999992676042341	0.999975484281727	0.999997996449088	0.999865054359696	0.997849634214764	0.999998331130623	0.9999986308008	0.999999667206385	0.999998817933341	0.999998117486148	0.999997259897049	0.999997615494366	0.999994259643208	0.999997267386646	15.9976582416701
hsa00030 Pentose phosphate pathway	0.999999739832039	0.999997689511831	0.999992676042341	0.999975484281727	0.999997996449088	0.999865054359696	0.997849634214764	0.999998331130623	0.9999986308008	0.999999667206385	0.999998817933341	0.999998117486148	0.999997259897049	0.999997615494366	0.999994259643208	0.999997267386646	15.9976582416701
hsa00020 Citrate cycle (TCA cycle)	0.999999739832039	0.999997689511831	0.999992676042341	0.999975484281727	0.999997996449088	0.999865054359696	0.997849634214764	0.999998331130623	0.9999986308008	0.999999667206385	0.999998817933341	0.999998117486148	0.999997259897049	0.999997615494366	0.999994259643208	0.999997267386646	15.9976582416701
hsa04964 Proximal tubule bicarbonate reclamation	0.654027471379527	0.781184378484528	0.928460086254617	0.962198001404528	0.652811779291447	0.999865054359696	NA	0.999998331130623	0.942149201445916	0.978440623063528	0.999998817933341	0.999998117486148	0.999997259897049	0.987705000482432	0.985811663467886	0.982404702347809	NA
hsa04122 Sulfur relay system	NA	NA	NA	NA	0.999997996449088	NA	NA	NA	NA	NA	NA	NA	0.999997259897049	NA	NA	NA	NA
hsa00920 Sulfur metabolism	NA	NA	NA	NA	NA	NA	NA	NA	NA	NA	NA	NA	NA	NA	NA	NA	NA
hsa00910 Nitrogen metabolism	0.502774370498993	0.758011080738661	0.734059551835325	0.971366443058893	0.26807167962405	0.981013720529929	NA	0.999998331130623	0.802538523183018	0.889589380221368	0.930297360470513	0.917921605040031	0.787026803491337	0.702023933084975	0.799360480505815	0.706453893262761	NA
hsa00790 Folate biosynthesis	NA	NA	NA	NA	NA	NA	NA	NA	NA	NA	NA	NA	NA	NA	NA	NA	NA
hsa00785 Lipoic acid metabolism	NA	NA	NA	NA	NA	NA	NA	NA	NA	NA	NA	NA	NA	NA	NA	NA	NA
hsa00780 Biotin metabolism	NA	NA	NA	NA	NA	NA	NA	NA	NA	NA	NA	NA	NA	NA	NA	NA	NA
hsa00750 Vitamin B6 metabolism	NA	NA	NA	NA	NA	NA	NA	NA	NA	NA	NA	NA	NA	NA	NA	NA	NA
hsa00740 Riboflavin metabolism	NA	NA	NA	NA	NA	NA	NA	NA	NA	NA	NA	NA	NA	NA	NA	NA	NA
hsa00730 Thiamine metabolism	NA	NA	NA	NA	NA	NA	NA	NA	NA	NA	NA	NA	NA	NA	NA	NA	NA
hsa00603 Glycosphingolipid biosynthesis - globo series	0.802799367022217	0.999997689511831	0.964091273421606	0.995711369174777	0.881128568965239	0.999865054359696	0.997849634214764	NA	0.9999986308008	0.999999667206385	0.999998817933341	0.999998117486148	0.999997259897049	0.999997615494366	0.985811663467886	NA	NA
hsa00592 alpha-Linolenic acid metabolism	NA	0.999997689511831	NA	NA	NA	0.999865054359696	NA	0.999998331130623	NA	0.889589380221368	NA	NA	NA	0.919887959118115	NA	0.999997267386646	NA
hsa00591 Linoleic acid metabolism	0.575902176518774	0.824630421246614	NA	NA	NA	0.372519724366065	NA	0.999998331130623	0.802538523183018	0.889589380221368	NA	NA	NA	0.680753360871166	NA	0.892766201316033	NA
hsa00472 D-Arginine and D-ornithine metabolism	NA	NA	NA	NA	NA	NA	NA	NA	NA	NA	NA	NA	NA	NA	NA	NA	NA
hsa00471 D-Glutamine and D-glutamate metabolism	NA	NA	NA	NA	NA	NA	NA	NA	NA	NA	NA	NA	NA	NA	NA	NA	NA
hsa00460 Cyanoamino acid metabolism	NA	NA	NA	NA	NA	NA	NA	NA	NA	NA	NA	NA	NA	NA	NA	NA	NA
hsa00430 Taurine and hypotaurine metabolism	NA	NA	NA	NA	NA	NA	NA	NA	NA	NA	NA	NA	NA	NA	NA	NA	NA
hsa00400 Phenylalanine, tyrosine and tryptophan biosynthesis	NA	NA	NA	NA	NA	NA	NA	NA	NA	NA	NA	NA	NA	NA	NA	NA	NA
hsa00300 Lysine biosynthesis	NA	NA	NA	NA	NA	NA	NA	NA	NA	NA	NA	NA	NA	NA	NA	NA	NA
hsa00290 Valine, leucine and isoleucine biosynthesis	0.999999739832039	0.999997689511831	NA	NA	0.894292961121427	NA	NA	0.999998331130623	0.9999986308008	0.999999667206385	NA	NA	0.999997259897049	NA	NA	0.999997267386646	NA
hsa00232 Caffeine metabolism	NA	NA	NA	NA	NA	NA	NA	NA	NA	NA	NA	NA	NA	NA	NA	NA	NA
hsa00130 Ubiquinone and other terpenoid-quinone biosynthesis	NA	NA	NA	NA	NA	NA	NA	NA	NA	NA	NA	NA	NA	NA	NA	NA	NA
hsa00072 Synthesis and degradation of ketone bodies	NA	NA	NA	NA	NA	NA	NA	NA	NA	NA	NA	NA	NA	NA	NA	NA	NA
hsa00061 Fatty acid biosynthesis	NA	NA	NA	NA	NA	NA	NA	NA	NA	NA	NA	NA	NA	NA	NA	NA	NA
hsa00053 Ascorbate and aldarate metabolism	NA	NA	NA	NA	NA	NA	NA	NA	NA	NA	NA	NA	NA	NA	NA	NA	NA
hsa00040 Pentose and glucuronate interconversions	NA	NA	NA	0.999975484281727	NA	NA	NA	NA	NA	NA	NA	0.999998117486148	NA	NA	NA	NA	NA
